%M2      dσel/dt      derr
2155.51  0.000108660   0.0  4.27147e-06
2848.64  7.65029e-05   0.0  3.03385e-06
3590.76  6.14367e-05   0.0  2.41510e-06
4283.78  4.59941e-05   0.0  2.01789e-06
5075.59  3.44330e-05   0.0  1.20840e-06
5767.94  3.07213e-05   0.0  1.34783e-06
6559.05  2.78948e-05   0.0  1.46879e-06
7201.3   2.99219e-05   0.0  1.17624e-06
7992.46  2.69316e-05   0.0  1.65470e-06
8683.88  3.12617e-05   0.0  1.64608e-06
9425.71  2.71674e-05   0.0  1.55664e-06
10118.3  2.25963e-05   0.0  1.40057e-06
10859.3  2.53249e-05   0.0  1.45107e-06
