 10.1793959544384    2.89796984990213
 10.1342474838331    2.87398008573185
 13.3302754896967    3.78808377303270
 17.6123475043945    4.97911349362839
 22.2582157374541    6.12355481958506
 37.2759372031494    6.37164990765081
 62.2414632559381    6.74093931077856
 103.620101997238    7.20445749750469
 173.533065749445    7.53800320366439
 291.047560830827    7.82892921865999
 488.141451888369    8.08614782821380
 804.276548305763    8.39822925094177
 1232.34864168332    8.75463949618391
 1913.60933921869    8.97570544745380
 3209.48245890406    9.27060126404336
 5382.90519538256    9.59288986668440
 9041.53059554108    9.78980784823875
