 10.1793959544384    2.89796984990213
 10.1342474838331    2.87398008573185
 13.3302754896967    3.78808377303270
 17.6123475043945    4.97911349362839
 24.1123412983612    6.59925005691611
 33.9034996637434    8.44489909087667
 48.3820966492596    10.6974924728580
 69.4542525175606    13.5134470790422
 100.296782527738    17.0077086769313
 146.779926762207    21.2087093216089
 217.689678435098    26.2042322543334
 320.473044207429    32.5563252848117
 478.119745363942    40.0393449277473
 722.891900943034    48.7445643571947
 1094.59519975691    59.2329246849717
 1657.42436700130    71.9780638724218
 2505.93844522957    87.6272919316449
