 20.8224974960890    2.49523764196197
 34.2062554046215    2.76718188253366
 55.1204483303703    3.14625430430694
 87.6452618212074    3.64058587360441
 136.905891121810    4.30303193080602
 212.274744536414    5.11900695978560
 334.048498351324    5.99484250318941
 531.947443285085    6.93033313892628
 852.122299177961    7.96017440740371
 1299.86908176679    8.82771645936536
 1317.31949712075    8.82771645936536
 2154.43469003188    9.78980784823875
 3549.71143988259    10.7370872483115
 5857.28380685585    11.7109481395206
 8635.61826636229    12.5162123907199
 9607.83381677890    12.7260358048416
