1)d#sigma/dt^{ppbar}_{el} #ARNISON PLB128(83)336 
#elastic cross section. 
#X:t [GeV^2]      
#Y:#dsigma_{pp}/dt [mb/GeV^{2}]
#P:#sqrt{s} [GeV^{2}]      
## 540
%|t|         dσel/dt     stat        syst
0.45000E-01 0.12140E+03 0.10800E+02 0.97120E+01 
0.55000E-01 0.11190E+03 0.10300E+02 0.89520E+01 
0.65000E-01 0.84100E+02 0.90000E+01 0.67280E+01 
0.75000E-01 0.61200E+02 0.76000E+01 0.48960E+01 
0.85000E-01 0.49700E+02 0.69000E+01 0.39760E+01 
0.95000E-01 0.45900E+02 0.66000E+01 0.36720E+01 
0.10500E+00 0.41100E+02 0.63000E+01 0.32880E+01 
0.11500E+00 0.25800E+02 0.50000E+01 0.20640E+01 
0.12500E+00 0.29600E+02 0.53000E+01 0.23680E+01 
0.13500E+00 0.30600E+02 0.54000E+01 0.24480E+01 
0.14500E+00 0.22000E+02 0.46000E+01 0.17600E+01 
0.15500E+00 0.21000E+02 0.45000E+01 0.16800E+01 
0.16500E+00 0.18200E+02 0.42000E+01 0.14560E+01 
0.17500E+00 0.12400E+02 0.34000E+01 0.99200E+00 
0.21500E+00 0.76300E+01 0.25000E+00 0.61040E+00 
0.22500E+00 0.63000E+01 0.23000E+00 0.50400E+00 
0.23500E+00 0.57500E+01 0.22000E+00 0.46000E+00 
0.24500E+00 0.51200E+01 0.20000E+00 0.40960E+00 
0.25500E+00 0.43700E+01 0.19000E+00 0.34960E+00 
0.26500E+00 0.41000E+01 0.18000E+00 0.32800E+00 
0.27500E+00 0.34600E+01 0.17000E+00 0.27680E+00 
0.28500E+00 0.29400E+01 0.15000E+00 0.23520E+00 
0.29500E+00 0.26500E+01 0.15000E+00 0.21200E+00 
0.30500E+00 0.21000E+01 0.13000E+00 0.16800E+00 
0.31500E+00 0.19000E+01 0.12000E+00 0.15200E+00 
0.32500E+00 0.15300E+01 0.11000E+00 0.12240E+00 
0.33500E+00 0.15000E+01 0.11000E+00 0.12000E+00 
0.34500E+00 0.13100E+01 0.10000E+00 0.10480E+00 
0.35500E+00 0.11400E+01 0.10000E+00 0.91200E-01 
0.36500E+00 0.10400E+01 0.90000E-01 0.83200E-01 
0.37500E+00 0.85000E+00 0.80000E-01 0.68000E-01 
0.38500E+00 0.67000E+00 0.70000E-01 0.53600E-01 
0.39500E+00 0.68000E+00 0.70000E-01 0.54400E-01 
0.40500E+00 0.51000E+00 0.60000E-01 0.40800E-01 
0.41500E+00 0.55000E+00 0.70000E-01 0.44000E-01 
0.42500E+00 0.39000E+00 0.60000E-01 0.31200E-01 

2)d#sigma/dt^{ppbar}_{el} #BERNARD PLB198(87)583
#elastic cross section. 
#X:t [GeV^2]      
#Y:#dsigma_{pp}/dt [mb/GeV^{2}]
#P:#sqrt{s} [GeV^{2}]      
## 546
%|t|         dσel/dt     stat        syst
0.22500E-02 0.26500E+03 0.80000E+01 0.66250E+01 
0.27500E-02 0.24600E+03 0.70000E+01 0.61500E+01 
0.32500E-02 0.24800E+03 0.60000E+01 0.62000E+01 
0.37500E-02 0.21500E+03 0.60000E+01 0.53750E+01 
0.42500E-02 0.21800E+03 0.50000E+01 0.54500E+01 
0.47500E-02 0.21600E+03 0.50000E+01 0.54000E+01 
0.52500E-02 0.20800E+03 0.50000E+01 0.52000E+01 
0.57500E-02 0.20900E+03 0.50000E+01 0.52250E+01 
0.62500E-02 0.19800E+03 0.50000E+01 0.49500E+01 
0.67500E-02 0.19900E+03 0.50000E+01 0.49750E+01 
0.72500E-02 0.18900E+03 0.40000E+01 0.47250E+01 
0.77500E-02 0.18800E+03 0.40000E+01 0.47000E+01 
0.82500E-02 0.18800E+03 0.40000E+01 0.47000E+01 
0.87500E-02 0.18800E+03 0.40000E+01 0.47000E+01 
0.92500E-02 0.18800E+03 0.40000E+01 0.47000E+01 
0.97500E-02 0.18200E+03 0.40000E+01 0.45500E+01 
0.10250E-01 0.18400E+03 0.40000E+01 0.46000E+01 
0.10750E-01 0.17000E+03 0.40000E+01 0.42500E+01 
0.11250E-01 0.16800E+03 0.40000E+01 0.42000E+01 
0.11750E-01 0.16800E+03 0.40000E+01 0.42000E+01 
0.12250E-01 0.16500E+03 0.40000E+01 0.41250E+01 
0.12750E-01 0.16200E+03 0.40000E+01 0.40500E+01 
0.13250E-01 0.16300E+03 0.40000E+01 0.40750E+01 
0.13750E-01 0.15100E+03 0.40000E+01 0.37750E+01 
0.14250E-01 0.15700E+03 0.40000E+01 0.39250E+01 
0.14750E-01 0.16700E+03 0.40000E+01 0.41750E+01 
0.15250E-01 0.15700E+03 0.40000E+01 0.39250E+01 
0.15750E-01 0.15900E+03 0.40000E+01 0.39750E+01 
0.16250E-01 0.15900E+03 0.40000E+01 0.39750E+01 
0.16750E-01 0.16000E+03 0.40000E+01 0.40000E+01 
0.17250E-01 0.15400E+03 0.40000E+01 0.38500E+01 
0.17750E-01 0.15200E+03 0.40000E+01 0.38000E+01 
0.18250E-01 0.15800E+03 0.50000E+01 0.39500E+01 
0.18750E-01 0.15100E+03 0.50000E+01 0.37750E+01 
0.19250E-01 0.15000E+03 0.50000E+01 0.37500E+01 
0.19750E-01 0.15100E+03 0.50000E+01 0.37750E+01 
0.20250E-01 0.14000E+03 0.50000E+01 0.35000E+01 
0.20750E-01 0.14300E+03 0.50000E+01 0.35750E+01 
0.21250E-01 0.13300E+03 0.50000E+01 0.33250E+01 
0.21750E-01 0.14800E+03 0.50000E+01 0.37000E+01 
0.22250E-01 0.13500E+03 0.50000E+01 0.33750E+01 
0.22750E-01 0.14900E+03 0.50000E+01 0.37250E+01 
0.23250E-01 0.14300E+03 0.50000E+01 0.35750E+01 
0.23750E-01 0.14400E+03 0.50000E+01 0.36000E+01 
0.24250E-01 0.13100E+03 0.50000E+01 0.32750E+01 
0.24750E-01 0.13500E+03 0.50000E+01 0.33750E+01 
0.25250E-01 0.13000E+03 0.50000E+01 0.32500E+01 
0.25750E-01 0.13100E+03 0.50000E+01 0.32750E+01 
0.26250E-01 0.13400E+03 0.60000E+01 0.33500E+01 
0.26750E-01 0.12100E+03 0.50000E+01 0.30250E+01 
0.27250E-01 0.13900E+03 0.60000E+01 0.34750E+01 
0.27750E-01 0.13500E+03 0.60000E+01 0.33750E+01 
0.28250E-01 0.11900E+03 0.50000E+01 0.29750E+01 
0.28750E-01 0.12600E+03 0.60000E+01 0.31500E+01 
0.29250E-01 0.13200E+03 0.60000E+01 0.33000E+01 
0.29750E-01 0.12500E+03 0.60000E+01 0.31250E+01 
0.30250E-01 0.12600E+03 0.60000E+01 0.31500E+01 
0.30750E-01 0.13200E+03 0.60000E+01 0.33000E+01 
0.31250E-01 0.13500E+03 0.70000E+01 0.33750E+01 
0.31750E-01 0.13200E+03 0.70000E+01 0.33000E+01 
0.32250E-01 0.12800E+03 0.70000E+01 0.32000E+01 
0.32750E-01 0.11900E+03 0.70000E+01 0.29750E+01 
0.33250E-01 0.11800E+03 0.70000E+01 0.29500E+01 
0.33750E-01 0.11100E+03 0.70000E+01 0.27750E+01 
0.34250E-01 0.11500E+03 0.80000E+01 0.28750E+01 
0.34750E-01 0.11800E+03 0.80000E+01 0.29500E+01 

3)d#sigma/dt^{ppbar}_{el} #BOZZO PLB147(84)385
#elastic cross section. 
#X:t [GeV^2]      
#Y:#dsigma_{pp}/dt [mb/GeV^{2}]
#P:#sqrt{s} [GeV^{2}]      
## 546
%|t|         dσel/dt     stat        syst
0.32500E-01 0.12470E+03 0.15700E+01 0.62350E+01 
0.37500E-01 0.11340E+03 0.14500E+01 0.56700E+01 
0.42500E-01 0.10560E+03 0.14400E+01 0.52800E+01 
0.47500E-01 0.99200E+02 0.14400E+01 0.49600E+01 
0.52500E-01 0.89720E+02 0.14100E+01 0.44860E+01 
0.57500E-01 0.81860E+02 0.13800E+01 0.40930E+01 
0.62500E-01 0.78590E+02 0.13800E+01 0.39295E+01 
0.67500E-01 0.72130E+02 0.13500E+01 0.36065E+01 
0.72500E-01 0.66940E+02 0.13300E+01 0.33470E+01 
0.77500E-01 0.63530E+02 0.13200E+01 0.31765E+01 
0.82500E-01 0.58320E+02 0.12800E+01 0.29160E+01 
0.87500E-01 0.54000E+02 0.12500E+01 0.27000E+01 
0.92500E-01 0.47530E+02 0.11900E+01 0.23765E+01 
0.97500E-01 0.44570E+02 0.11700E+01 0.22285E+01 
0.10250E+00 0.39990E+02 0.11300E+01 0.19995E+01 
0.10750E+00 0.40570E+02 0.11500E+01 0.20285E+01 
0.11250E+00 0.36490E+02 0.11000E+01 0.18245E+01 
0.11750E+00 0.36170E+02 0.11100E+01 0.18085E+01 
0.12250E+00 0.30080E+02 0.10200E+01 0.15040E+01 
0.12750E+00 0.29290E+02 0.10200E+01 0.14645E+01 
0.13250E+00 0.26950E+02 0.99000E+00 0.13475E+01 
0.13750E+00 0.25960E+02 0.98000E+00 0.12980E+01 
0.14250E+00 0.22050E+02 0.91000E+00 0.11025E+01 
0.14750E+00 0.20490E+02 0.89000E+00 0.10245E+01 
0.15250E+00 0.21360E+02 0.11000E+01 0.10680E+01 
0.15750E+00 0.20040E+02 0.10800E+01 0.10020E+01 
0.16250E+00 0.17950E+02 0.10300E+01 0.89750E+00 
0.16750E+00 0.16800E+02 0.10000E+01 0.84000E+00 
0.17250E+00 0.15420E+02 0.97000E+00 0.77100E+00 
0.17750E+00 0.14300E+02 0.94000E+00 0.71500E+00 
0.18250E+00 0.13940E+02 0.93000E+00 0.69700E+00 
0.18750E+00 0.12870E+02 0.90000E+00 0.64350E+00 
0.19250E+00 0.13360E+02 0.92000E+00 0.66800E+00 
0.19750E+00 0.11720E+02 0.87000E+00 0.58600E+00 
0.20250E+00 0.97100E+01 0.80000E+00 0.48550E+00 
0.20750E+00 0.91600E+01 0.78000E+00 0.45800E+00 
0.21250E+00 0.91400E+01 0.78000E+00 0.45700E+00 
0.21750E+00 0.84300E+01 0.76000E+00 0.42150E+00 
0.22250E+00 0.79100E+01 0.74000E+00 0.39550E+00 
0.22750E+00 0.75100E+01 0.72000E+00 0.37550E+00 
0.23250E+00 0.67500E+01 0.69000E+00 0.33750E+00 
0.23750E+00 0.54700E+01 0.62000E+00 0.27350E+00 
0.24250E+00 0.58200E+01 0.65000E+00 0.29100E+00 
0.24750E+00 0.65300E+01 0.69000E+00 0.32650E+00 
0.25250E+00 0.48400E+01 0.60000E+00 0.24200E+00 
0.25750E+00 0.38500E+01 0.53000E+00 0.19250E+00 
0.26250E+00 0.39600E+01 0.54000E+00 0.19800E+00 
0.26750E+00 0.43800E+01 0.57000E+00 0.21900E+00 
0.27250E+00 0.39600E+01 0.55000E+00 0.19800E+00 
0.27750E+00 0.32300E+01 0.50000E+00 0.16150E+00 
0.28250E+00 0.30200E+01 0.48000E+00 0.15100E+00 
0.28750E+00 0.35200E+01 0.52000E+00 0.17600E+00 
0.29250E+00 0.28400E+01 0.47000E+00 0.14200E+00 
0.29750E+00 0.26300E+01 0.46000E+00 0.13150E+00 
0.30250E+00 0.28900E+01 0.48000E+00 0.14450E+00 
0.30750E+00 0.25100E+01 0.45000E+00 0.12550E+00 
0.31250E+00 0.26100E+01 0.46000E+00 0.13050E+00 
0.31750E+00 0.26300E+01 0.47000E+00 0.13150E+00 
0.21500E+00 0.81900E+01 0.30000E+00 0.40950E+00 
0.22500E+00 0.72800E+01 0.28000E+00 0.36400E+00 
0.23500E+00 0.67600E+01 0.27000E+00 0.33800E+00 
0.24500E+00 0.59500E+01 0.26000E+00 0.29750E+00 
0.25500E+00 0.49200E+01 0.24000E+00 0.24600E+00 
0.26500E+00 0.45700E+01 0.23000E+00 0.22850E+00 
0.27500E+00 0.35800E+01 0.21000E+00 0.17900E+00 
0.28500E+00 0.31300E+01 0.14000E+00 0.15650E+00 
0.29500E+00 0.30900E+01 0.14000E+00 0.15450E+00 
0.30500E+00 0.24800E+01 0.13000E+00 0.12400E+00 
0.31500E+00 0.22500E+01 0.12000E+00 0.11250E+00 
0.32500E+00 0.19700E+01 0.11000E+00 0.98500E-01 
0.33500E+00 0.18100E+01 0.11000E+00 0.90500E-01 
0.34500E+00 0.15600E+01 0.10000E+00 0.78000E-01 
0.35500E+00 0.14200E+01 0.10000E+00 0.71000E-01 
0.36500E+00 0.11820E+01 0.91000E-01 0.59100E-01 
0.37500E+00 0.84200E+00 0.77000E-01 0.42100E-01 
0.38500E+00 0.78700E+00 0.75000E-01 0.39350E-01 
0.39500E+00 0.85300E+00 0.79000E-01 0.42650E-01 
0.40500E+00 0.64300E+00 0.69000E-01 0.32150E-01 
0.41500E+00 0.61200E+00 0.67000E-01 0.30600E-01 
0.42500E+00 0.49900E+00 0.61000E-01 0.24950E-01 
0.43500E+00 0.49500E+00 0.61000E-01 0.24750E-01 
0.44500E+00 0.43900E+00 0.58000E-01 0.21950E-01 
0.45500E+00 0.36700E+00 0.53000E-01 0.18350E-01 
0.46500E+00 0.30800E+00 0.49000E-01 0.15400E-01 
0.47500E+00 0.26500E+00 0.45000E-01 0.13250E-01 
0.48500E+00 0.23600E+00 0.43000E-01 0.11800E-01 
0.49500E+00 0.15100E+00 0.35000E-01 0.75500E-02 

4)d#sigma/dt^{ppbar}_{el} #BOZZO PLB155(85)197
#elastic cross section. 
#X:t [GeV^2]      
#Y:#dsigma_{pp}/dt [mb/GeV^{2}]
#P:#sqrt{s} [GeV^{2}]      
## 546
%|t|         dσel/dt     stat        syst
0.46000E+00 0.29320E+00 0.57000E-02 0.29320E-01 
0.48000E+00 0.22410E+00 0.38000E-02 0.22410E-01 
0.50000E+00 0.17860E+00 0.28000E-02 0.17860E-01 
0.52000E+00 0.13080E+00 0.24000E-02 0.13080E-01 
0.54000E+00 0.10030E+00 0.21000E-02 0.10030E-01 
0.56000E+00 0.74400E-01 0.10000E-02 0.74400E-02 
0.58000E+00 0.56410E-01 0.88000E-03 0.56410E-02 
0.60000E+00 0.41700E-01 0.76000E-03 0.41700E-02 
0.62000E+00 0.31940E-01 0.66000E-03 0.31940E-02 
0.64000E+00 0.22110E-01 0.55000E-03 0.22110E-02 
0.66000E+00 0.17920E-01 0.50000E-03 0.17920E-02 
0.68000E+00 0.12670E-01 0.42000E-03 0.12670E-02 
0.70000E+00 0.95500E-02 0.37000E-03 0.95500E-03 
0.73000E+00 0.62600E-02 0.21000E-03 0.62600E-03 
0.77000E+00 0.37100E-02 0.16000E-03 0.37100E-03 
0.81000E+00 0.24700E-02 0.14000E-03 0.24700E-03 
0.85000E+00 0.17600E-02 0.12000E-03 0.17600E-03 
0.89000E+00 0.13900E-02 0.11000E-03 0.13900E-03 
0.93000E+00 0.15000E-02 0.12000E-03 0.15000E-03 
0.97000E+00 0.14400E-02 0.12000E-03 0.14400E-03 
0.10100E+01 0.12600E-02 0.12000E-03 0.12600E-03 
0.10500E+01 0.11700E-02 0.11000E-03 0.11700E-03 
0.10900E+01 0.13500E-02 0.12000E-03 0.13500E-03 
0.11300E+01 0.11900E-02 0.12000E-03 0.11900E-03 
0.11700E+01 0.12700E-02 0.12000E-03 0.12700E-03 
0.12100E+01 0.87000E-03 0.10000E-03 0.87000E-04 
0.12500E+01 0.11700E-02 0.12000E-03 0.11700E-03 
0.12900E+01 0.10400E-02 0.11000E-03 0.10400E-03 
0.13300E+01 0.84000E-03 0.10000E-03 0.84000E-04 
0.13700E+01 0.93900E-03 0.11000E-03 0.93900E-04 
0.14100E+01 0.95100E-03 0.11000E-03 0.95100E-04 
0.14500E+01 0.69000E-03 0.95000E-04 0.69000E-04 
0.14900E+01 0.54000E-03 0.84000E-04 0.54000E-04 
0.15300E+01 0.50600E-03 0.82000E-04 0.50600E-04 

5)d#sigma/dt^{ppbar}_{el} #ABE PRD50(93)5518
#elastic cross section. 
#X:t [GeV^2]      
#Y:#dsigma_{pp}/dt [mb/GeV^{2}]
#P:#sqrt{s} [GeV^{2}]      
## 546
%|t|         dσel/dt     stat        syst
0.26000E-01 0.13790E+03 0.11800E+02 0.71708E+00 
0.30000E-01 0.12980E+03 0.44000E+01 0.67496E+00 
0.34000E-01 0.11090E+03 0.32000E+01 0.57668E+00 
0.38000E-01 0.10860E+03 0.25000E+01 0.56472E+00 
0.42000E-01 0.10630E+03 0.22000E+01 0.55276E+00 
0.46000E-01 0.95500E+02 0.20000E+01 0.49660E+00 
0.50000E-01 0.92800E+02 0.20000E+01 0.48256E+00 
0.54000E-01 0.84300E+02 0.19000E+01 0.43836E+00 
0.58000E-01 0.83800E+02 0.22000E+01 0.43576E+00 
0.62000E-01 0.77000E+02 0.24000E+01 0.40040E+00 
0.66000E-01 0.73100E+02 0.26000E+01 0.38012E+00 
0.70000E-01 0.68600E+02 0.26000E+01 0.35672E+00 
0.74000E-01 0.60500E+02 0.24000E+01 0.31460E+00 
0.78000E-01 0.59600E+02 0.28000E+01 0.30992E+00 

6)d#sigma/dt^{ppbar}_{el} #BERNARD PLB171(86)142
#elastic cross section. 
#X:t [GeV^2]      
#Y:#dsigma_{pp}/dt [mb/GeV^{2}]
#P:#sqrt{s} [GeV^{2}]      
## 630
%|t|         dσel/dt     stat        syst
0.73000E+00 0.87600E-02 0.11000E-02 0.13140E-02 
0.77000E+00 0.57300E-02 0.67000E-03 0.85950E-03 
0.81000E+00 0.30300E-02 0.32000E-03 0.45450E-03 
0.85000E+00 0.18900E-02 0.16000E-03 0.28350E-03 
0.91000E+00 0.17600E-02 0.16000E-03 0.26400E-03 
0.99000E+00 0.18300E-02 0.17000E-03 0.27450E-03 
0.10700E+01 0.19500E-02 0.17000E-03 0.29250E-03 
0.11500E+01 0.15900E-02 0.15000E-03 0.23850E-03 
0.12300E+01 0.13200E-02 0.12000E-03 0.19800E-03 
0.13100E+01 0.10900E-02 0.90000E-04 0.16350E-03 
0.13900E+01 0.77600E-03 0.67000E-04 0.11640E-03 
0.14700E+01 0.67800E-03 0.64000E-04 0.10170E-03 
0.15500E+01 0.48500E-03 0.55000E-04 0.72750E-04 
0.16300E+01 0.48200E-03 0.55000E-04 0.72300E-04 
0.17100E+01 0.42300E-03 0.52000E-04 0.63450E-04 
0.17900E+01 0.31600E-03 0.45000E-04 0.47400E-04 
0.18900E+01 0.20600E-03 0.30000E-04 0.30900E-04 
0.20100E+01 0.18200E-03 0.29000E-04 0.27300E-04 
0.21300E+01 0.92000E-04 0.26000E-04 0.13800E-04 

7)d#sigma/dt^{ppbar}_{el} #AMOS PLB247(90)127
#elastic cross section. 
#X:t [GeV^2]      
#Y:#dsigma_{pp}/dt [mb/GeV^{2}]
#P:#sqrt{s} [GeV^{2}]      
## 1800
%|t|         dσel/dt     stat        syst
0.33900E-01 0.16080E+03 0.42000E+01 0.14472E+02 
0.35400E-01 0.15070E+03 0.40000E+01 0.13563E+02 
0.36900E-01 0.14910E+03 0.40000E+01 0.13419E+02 
0.38400E-01 0.14700E+03 0.40000E+01 0.13230E+02 
0.40000E-01 0.14150E+03 0.39000E+01 0.12735E+02 
0.41700E-01 0.13750E+03 0.39000E+01 0.12375E+02 
0.43500E-01 0.13030E+03 0.37000E+01 0.11727E+02 
0.45300E-01 0.13030E+03 0.37000E+01 0.11727E+02 
0.47200E-01 0.12410E+03 0.37000E+01 0.11169E+02 
0.49100E-01 0.11960E+03 0.36000E+01 0.10764E+02 
0.51100E-01 0.11060E+03 0.35000E+01 0.99540E+01 
0.53200E-01 0.11820E+03 0.36000E+01 0.10638E+02 
0.55300E-01 0.11220E+03 0.35000E+01 0.10098E+02 
0.57500E-01 0.10170E+03 0.33000E+01 0.91530E+01 
0.59700E-01 0.10250E+03 0.33000E+01 0.92250E+01 
0.62000E-01 0.95800E+02 0.32000E+01 0.86220E+01 
0.64300E-01 0.96600E+02 0.32000E+01 0.86940E+01 
0.66700E-01 0.93000E+02 0.32000E+01 0.83700E+01 
0.69200E-01 0.90100E+02 0.31000E+01 0.81090E+01 
0.71800E-01 0.81300E+02 0.30000E+01 0.73170E+01 
0.74400E-01 0.77800E+02 0.29000E+01 0.70020E+01 
0.77100E-01 0.77700E+02 0.29000E+01 0.69930E+01 
0.79900E-01 0.74700E+02 0.28000E+01 0.67230E+01 
0.82700E-01 0.71500E+02 0.28000E+01 0.64350E+01 
0.10300E+00 0.51700E+02 0.17000E+01 0.46530E+01 
0.11400E+00 0.44800E+02 0.12000E+01 0.40320E+01 
0.12600E+00 0.34700E+02 0.10000E+01 0.31230E+01 
0.13900E+00 0.27400E+02 0.87000E+00 0.24660E+01 
0.15200E+00 0.22610E+02 0.77000E+00 0.20349E+01 
0.16700E+00 0.18210E+02 0.62000E+00 0.16389E+01 
0.18200E+00 0.13870E+02 0.54000E+00 0.12483E+01 
0.19700E+00 0.10910E+02 0.48000E+00 0.98190E+00 
0.21300E+00 0.79200E+01 0.37000E+00 0.71280E+00 
0.23000E+00 0.63100E+01 0.17000E+00 0.56790E+00 
0.24700E+00 0.49600E+01 0.14000E+00 0.44640E+00 
0.26500E+00 0.35800E+01 0.12000E+00 0.32220E+00 
0.28400E+00 0.26800E+01 0.10000E+00 0.24120E+00 
0.30300E+00 0.18910E+01 0.88000E-01 0.17019E+00 
0.32300E+00 0.13990E+01 0.75000E-01 0.12591E+00 
0.34300E+00 0.99400E+00 0.88000E-01 0.89460E-01 
0.36500E+00 0.67100E+00 0.73000E-01 0.60390E-01 
0.38700E+00 0.51000E+00 0.73000E-01 0.45900E-01 
0.40900E+00 0.42700E+00 0.67000E-01 0.38430E-01 
0.43300E+00 0.25400E+00 0.52000E-01 0.22860E-01 
0.45600E+00 0.16900E+00 0.42000E-01 0.15210E-01 
0.48100E+00 0.10600E+00 0.33000E-01 0.95400E-02 
0.50600E+00 0.68000E-01 0.27000E-01 0.61200E-02 
0.53100E+00 0.47000E-01 0.22000E-01 0.42300E-02 
0.55800E+00 0.21000E-01 0.15000E-01 0.18900E-02 
0.58500E+00 0.10100E-01 0.72000E-02 0.90900E-03 
0.62700E+00 0.11000E-01 0.11000E-01 0.99000E-03 

8)d#sigma/dt^{ppbar}_{el} #ABE PRD50(93)5518
#elastic cross section. 
#X:t [GeV^2]      
#Y:#dsigma_{pp}/dt [mb/GeV^{2}]
#P:#sqrt{s} [GeV^{2}]      
## 1800
%|t|         dσel/dt     stat        syst
0.35000E-01 0.29740E+03 0.52700E+02 0.14275E+01 
0.45000E-01 0.16290E+03 0.12000E+02 0.78192E+00 
0.55000E-01 0.14580E+03 0.70000E+01 0.69984E+00 
0.65000E-01 0.10080E+03 0.42000E+01 0.48384E+00 
0.75000E-01 0.89900E+02 0.35000E+01 0.43152E+00 
0.85000E-01 0.81300E+02 0.29000E+01 0.39024E+00 
0.95000E-01 0.62800E+02 0.22000E+01 0.30144E+00 
0.10500E+00 0.57700E+02 0.20000E+01 0.27696E+00 
0.11500E+00 0.48200E+02 0.17000E+01 0.23136E+00 
0.12500E+00 0.41400E+02 0.16000E+01 0.19872E+00 
0.13500E+00 0.34600E+02 0.14000E+01 0.16608E+00 
0.14500E+00 0.28300E+02 0.13000E+01 0.13584E+00 
0.15500E+00 0.23800E+02 0.12000E+01 0.11424E+00 
0.16500E+00 0.21800E+02 0.12000E+01 0.10464E+00 
0.17500E+00 0.18900E+02 0.11000E+01 0.90720E-01 
0.18500E+00 0.14500E+02 0.10000E+01 0.69600E-01 
0.19500E+00 0.11700E+02 0.90000E+00 0.56160E-01 
0.20500E+00 0.11400E+02 0.10000E+01 0.54720E-01 
0.21500E+00 0.83000E+01 0.90000E+00 0.39840E-01 
0.22500E+00 0.73000E+01 0.90000E+00 0.35040E-01 
0.23500E+00 0.58000E+01 0.90000E+00 0.27840E-01 
0.24500E+00 0.38000E+01 0.90000E+00 0.18240E-01 
0.25500E+00 0.24000E+01 0.80000E+00 0.11520E-01 
0.26500E+00 0.25000E+01 0.10000E+01 0.12000E-01 
0.27500E+00 0.25000E+01 0.14000E+01 0.12000E-01 
0.28500E+00 0.53000E+01 0.27000E+01 0.25440E-01 
