43.25   43.2 0.0158 50.7  4.9  1.5  1.2  0.2  0.7  0.1  0.0  0.0  0.0  0.0  0.0  3.2  2.7  0.0 -2.6  0.6 -0.1 -7.1 -0.1  1.4  0.0
50      50.0 0.0144 59.5  5.8  1.4  1.4  0.0  0.6  0.6 -0.4  0.0  0.0  0.0  0.0  3.2  2.7  0.0 -2.6  0.6 -0.1 -7.3 -0.1  1.4  0.0
57.35   57.3 0.0131 61.8  6.2  1.9  1.7 -0.6 -0.1  0.6 -0.3  0.0  0.0  0.0  0.0  3.2  2.7  0.0 -2.6  0.6 -0.1 -7.4 -0.1  1.4  0.0
 61.2  69.4  65.3 0.0120 67.6  6.2  1.7  1.6 -0.5 -0.2  0.2  0.5  0.0  0.0  0.0  0.0  3.2  2.7  0.0 -2.6  0.6 -0.1 -6.6 -0.1  1.4  0.0
 69.4  78.4  73.9 0.0112 72.4  6.5  1.9  1.7 -0.1  0.4 -0.4  0.1  0.0  0.0  0.0  0.0  3.2  2.7  0.0 -2.6  0.6 -0.1 -6.3 -0.1  1.4  0.0
 78.4  88.0  83.2 0.0103 79.9  7.0  2.3  1.8 -0.3  0.4 -0.4 -0.2  0.0  0.0  0.0  0.0  3.2  2.7  0.0 -2.6  0.6 -0.1 -6.0 -0.1  1.4  0.0
 88.0  98.5  93.3 0.0096 84.4  7.0  2.1  1.9 -0.2  0.5  0.2  0.6  0.0  0.0  0.0  0.0  3.2  2.7  0.0 -2.6  0.6 -0.1 -5.5 -0.1  1.4  0.0
 98.5 110.0 104.3 0.0089 86.7  7.4  2.7  2.3 -0.8 -0.4 -0.4 -0.5  0.0  0.0  0.0  0.0  3.2  2.7  0.0 -2.6  0.6 -0.1 -5.2 -0.1  1.4  0.0
 25.0  39.0  31.9 0.0465 39.7  4.9  2.5  0.0  0.0  0.0  0.0  0.0  0.1  0.8  1.1 -1.8  3.2  0.0  4.0 -3.4  0.8 -0.1 -6.4 -0.1  1.9  0.0
 39.0  57.0  47.9 0.0359 55.4  5.7  2.1  0.0  0.0  0.0  0.0  0.0  0.1  0.4 -1.7 -1.9  3.2  0.0  4.0 -3.4  0.8 -0.1 -5.1 -0.1  1.9  0.0
 57.0  80.0  68.4 0.0284 66.4  6.8  2.9  0.0  0.0  0.0  0.0  0.0 -2.7 -0.5  0.0 -1.5  3.2  0.0  4.0 -3.4  0.8 -0.1 -4.7 -0.1  1.9  0.0