27.5    33.6    1.6     +2.2    -2.4
42.5    43.8    2.0     +2.9    -2.8
55      57.2    1.8     +3.6    -3.5
65      62.5    2.3     +4.1    -3.9
75      68.9    2.6     +4.5    -4.5 
85      72.1    2.9     +4.9    -4.5
100     81.9    2.3     +4.9    -4.8
117.5   95.7    3.2     +5.4    -5.4
132.5   103.9   3.6     +6.0    -5.8
155     115.0   3.3     +7.7    -6.7
185     129.1   4.7     +8.1    -7.7
215     141.7   6.1     +8.8    -8.7
245     140.3   7.4     +15.1   -9.9
275     189     13      +15     -26


