# sigma = sigma_uncorr/(correction*BR), see http://arxiv.org/pdf/1401.3288v2.pdf
# rapidity  sigma_uncor sig_err correction BR
2.125       29.3        1.7     0.093      0.0593
2.375       92.5        2.4     0.289      0.0593
2.625       137.8       2.4     0.455      0.0593
2.875       173.1       2.6     0.617      0.0593
3.125       198.0       2.7     0.735      0.0593
3.375       187.6       2.6     0.738      0.0593
3.625       148.9       2.4     0.624      0.0593
3.875       107.4       2.1     0.470      0.0593
4.125       65.3        2.0     0.286      0.0593
4.375       21.9        1.3     0.103      0.0593
