# sigma = sigma_uncorr/(correction*BR), see http://arxiv.org/pdf/1401.3288v2.pdf
# rapidity  sigma_uncor sig_err correction  BR
2.125       0.56        0.11    0.093       0.0078
2.375       1.75        0.17    0.289       0.0078 
2.625       3.06        0.22    0.455       0.0078 
2.875       4.41        0.26    0.617       0.0078 
3.125       4.24        0.26    0.735       0.0078    
3.375       4.51        0.27    0.738       0.0078 
3.625       3.43        0.25    0.624       0.0078 
3.875       2.05        0.20    0.470       0.0078 
4.125       1.47        0.19    0.286       0.0078  
4.375       0.36        0.11    0.103       0.0078
